Type: rectangle
ID:   2
Pose: (2.1628028048384556, 1.4103779732285253, 1.7233618666941233)